Seed,Individual,Fitness,Mean,Standard_Deviation,Variance,Median,Mode
4849,[0.23173725707631077, 50.21428209007307, -9.868841488991267, 2.264478879900399, 2.12489947259138, 51.68516165232559, 7.49477667756499, 6.222379461888887, 2.0335472837366746, 40.6945514819205, -7.134057990658837, 72.65123734505772, 13.682175576062978, -12.281851301679309, -5.21183182235634, 11.697269079272187, -169.88603465404634, -54.59997304448139, -13.202431059190966, -17.295068093502962],12.299493182369842,12.320966938026274,0.0007166347585394001,5.135653771468243e-07,12.321866005419533,12.32439987878802
8308,[5.275955004823502, -2.373473910631298, -69.66413479464376, 4.286823326828298, 7.924626067694543, -0.1191762170647535, 1.720666553611501, -3.298285249522398, -78.59833717217344, -39.3077576099826, -39.43103471962252, -3.944709012017233, -2.17933437567193, 14.616314366506643, 87.85878993846445, 7.9600546174836815, -118.76532520725874, -28.714460721962062, 148.97878500337595, -21.794115513486165],15.968788153025935,16.016798434719693,0.0015195272795696913,2.308963153356467e-06,16.019864837544368,16.008774804032385
9395,[-7.787066550867979, 41.078600203020564, 0.20840031794552225, 0.7411662930382727, 2.706822346305108, -5.138148473933671, -1.7070059444214487, -13.340516671459058, -166.61323396688204, -2.4013699000319684, 4.998388562809747, 27.254812631296808, 29.396120112028857, 125.90693269848758, -7.145560252963332, -96.549629978953, -32.01439075501229, 17.49015980676553, -20.27946612426747, 165.60826983913444],22.43864965753376,22.483898617135942,0.0010550248422495662,1.113077417763722e-06,22.48512192105637,22.489355237841025
158,[10.430116281067246, -34.420528738957465, -14.126105572591676, 1.435990276639088, -3.4390216308408847, -3.751318554980788, 4.126456132930103, 5.396756200966113, -26.7072897803205, -57.69358911283527, -17.11049594249365, 16.444560181884324, 39.39858609119293, -5.159022940104121, 6.073986122534608, 22.489619742520752, 16.34540605606098, -68.73791327473127, -21.82731298770927, 152.87687022984153],10.283406395954927,10.383651494341175,0.0023866209219365647,5.695959425025338e-06,10.38234842069172,10.367180656410316
6347,[21.647051372181792, 105.9230240551749, 59.42225960689395, 9.741814747574299, -33.97611617376539, 6.6408163655477965, 0.5756301422278807, -2.7218228278812666, -47.79836926193448, -23.876410941792862, -1.8967296663564848, 0.4796458141027131, 0.23897213679346718, 30.98199749380877, 2.3153745584644425, 22.325382393758932, 40.38281348113269, -41.38854376623269, -22.118148049467003, 111.35197840084136],10.26767382883007,10.301299532275648,0.0012283137876682474,1.5087547609759165e-06,10.298943110168171,10.29435072928102
2718,[-2.837414044838927, 9.466465978839604, 117.794045422099, -3.303369825490401, -1.6818605679470537, 8.842052034000488, -29.24920595892861, -0.8607407097323923, 80.45009109032601, 2.5688022875635688, 23.24747134923672, 5.112443241428812, -3.163924357505478, -87.63503211991322, -15.273156733062516, 75.12200993236219, 37.655598337423555, -8.979684871283181, -62.029340184825955, -253.5061244566959],27.286186924011282,27.35997324408121,0.002107353772369702,4.440939921920813e-06,27.3595443230197,27.326803711049674
2698,[-69.19583304534358, -26.885784536298672, 145.43941673360132, 19.73506273870885, 2.4589164336923695, 38.30888096378579, -22.978095343978847, -6.571866154035701, -19.548318547789002, 7.673636116607037, 38.99611046600049, 14.113585575303288, -7.113369248411667, -11.683444292709504, 69.99212283174919, 12.414303424375806, -9.112130104500412, -48.53796537476633, -95.02978444231763, 3.5804525147059523],12.993344010300818,13.039780639853563,0.002093530589925133,4.3828703309522765e-06,13.036380555916768,13.02400043572089
5291,[-4.811484258379822, 14.006266305860617, 78.7206318509987, 0.556699016451389, -22.800597004655053, -117.97184927641787, -6.5043978331396275, 49.47549661662235, 26.987136656523514, -19.275907108282976, -3.6599052590155496, 24.503281198017902, -13.121896004077874, -7.439693958498821, -72.1122206968371, -40.43282392578706, 18.494208550675154, -23.161903592245825, 48.78886876041793, 32.37682726806178],10.106811417554407,10.165502508376276,0.0016582722400347789,2.749866822069963e-06,10.169589604175943,10.163250109831491
2106,[-3.13069380706205, 4.467267687853094, -5.4480962415010765, 6.313900555873652, 35.05108808700928, 0.043534979764410564, 57.931404684337025, -0.01739715736503601, -0.028468633381687536, -0.007521291434023747, 0.05765532979071808, -0.028632508755400327, -0.11501301243399639, -116.57005317255302, -11.823460757586535, -0.03895067646373884, -12.838378716500626, -0.14329413551858655, -0.11772503170838455, 55.65189032371548],5.470814455387479,5.475926195696767,0.0007795421580101727,6.076859761151571e-07,5.4719058163634795,5.471586649090458
8353,[44.01125447579762, 0.0959271618714978, -2.8171837877120134, 19.925484267674552, -1.7672361707168986, -9.128617769985937, 51.92797748174687, -14.610639017583363, -4.207303696148138, -6.700379972267931, -26.855236187913025, -2.8902071718774693, 72.293969656602, 98.61397908486293, -67.46732648047737, 173.06328928600576, -15.332937175668496, -33.26053730638129, -8.614496062053155, 64.98737334776565],16.305840692203237,16.341445043798238,0.0009969623576490314,9.93933942569115e-07,16.342234193919815,16.33518412948568
2851,[1.1524291766155088, 5.727216584189508, 2.5807436843381577, -4.633090197407471, -1.6176653139743558, -2.427676809481723, -1.8869368892526472, 5.2851214503042545, 37.07387878255531, -2.704553931446883, 1.0411298701208993, -8.011962081328601, -60.3737142753853, -5.722133133626599, -94.21094267455976, 95.80260463298684, 24.56117404134178, -18.2351017855775, -146.92914118463705, -9.347049273690986],12.473049637539356,12.52692829347195,0.001011550092358727,1.023233589350949e-06,12.528795148589303,12.527213552523081
8185,[-0.08477698978579323, -1.202388711684333, 45.01657520426595, -3.3490668077679002, -65.38003659048118, 2.8571589946098257, -1.4371672845648245, 34.64588442515298, -1.89512206024948, 3.0172224168628663, -1.9583783091265936, 21.428383878657908, -0.6789742997594317, -88.67029719760377, -60.67017266277491, 12.206035095476723, 10.40727366772624, -41.50599931877968, 0.040747482316351946, 29.203792290387995],6.593853275892507,6.614580030159789,0.0005608373912469903,3.145385794207297e-07,6.615177819285791,6.610766095981084
3377,[22.855521363716367, -2.23223480528924, 0.570309576125739, -1.9070388993948597, 38.63103269807996, -3.905363835971725, -0.7197431607733925, 8.634933219370554, 5.585104871094903, -28.342638731944973, 73.46385915005251, -5.099704976075001, -2.5040520117795113, 138.89252440198837, 22.43824026066242, 18.197312223761365, -147.6736353901574, -39.7433815653577, -78.28052881018745, -57.47336787635468],16.33038529430389,16.39581302990503,0.0019438046562435913,3.7783765416342664e-06,16.40227349231166,16.339123592310454
1581,[-47.07215831300288, 0.6972660131085245, -172.76108156050304, 11.58172362516166, 1.8407569888876765, -170.62964621913642, 1.8608597834238254, -0.9066595337107957, 13.600107836042406, -86.64291292318832, -77.8223124574346, 119.00689139272431, 15.771942409495932, 105.30276757244026, 155.84243853493658, 75.24226269329728, 119.38074259181388, -29.77868521299584, 153.9806897120947, 17.295277307835136],43.416026458725575,43.468833706496156,0.0021421931047848532,4.5889912981877694e-06,43.47045615396015,43.47045615396015
8629,[-1.4509605137738024, 2.462897789268154, 1.927102808926597, -10.463148602912725, -4.437066303885682, 3.0293810794740685, 13.843233620658943, -5.728820726412102, -4.420333922015782, 9.8808793067429, 33.89118005328565, 56.29831065943906, 8.81564361918092, 136.92197169565702, -9.109759322252108, -2.5532257779036414, -4.657940843956856, -14.36473709841966, 173.53671916682805, 67.54659183878236],15.657597805612154,15.6869961330504,0.0010854032508739995,1.1781002170078463e-06,15.68939035339452,15.672259236002796
6895,[-1.271703569828978, 0.09033741136952189, 2.0852848425369195, -1.475502495015994, 0.19616221301564102, -0.6480002960422704, -5.378393093438921, 3.6204144548513417, 1.5372645063566945, -0.07052756159199379, -0.2519390291733997, 1.7779236054677559, -80.73820295782178, 18.957454538660645, 6.8135834680080745, -10.654569512417048, 6.144682972741074, 271.5203022459312, -16.77421707175286, -7.350343718211972],21.297663648072746,21.31289606592713,0.00048188877641194345,2.3221679283180002e-07,21.314262103774265,21.308241700689067
5354,[-0.11665839889995833, -1.012651622370411, 1.1438811430847038, 0.8364425319240782, -27.526614114245483, -50.63563368720332, -57.243543364963884, 95.42784619406402, 0.9295563148502778, 40.41663414038083, -0.7311076844237157, 124.45099636668107, 44.9832465443922, -258.3896315113778, -78.78591324771232, -2.3385033515847073, 5.876758635765892, 2.9627330401434575, 1.9719446263148865, 92.99118232912987],30.131767028620672,30.149079631740264,0.0007010769166289596,4.915088430299692e-07,30.15129189720239,30.141117333499366
6647,[17.71097840943172, 49.726142887108956, -7.78123974495978, -89.28809039571323, 45.95695222212191, 7.665631556924355, -13.481685195421779, -100.0764557399449, 6.0765577428525095, 2.461454653387789, 65.75741609770951, -131.12829356898305, 63.89532287858597, 2.4748677614841146, 50.041414318635496, -49.72025943338718, 88.969324601925, -31.733657991365575, 20.232401286038048, 27.88730643504448],16.980844393746064,17.058266110089406,0.0022076476901235374,4.87370832370779e-06,17.063973235444063,17.040165027623893
7249,[18.902387121685198, 1.0092649286604707, -3.564286687487522, 9.244505227171743, -1.2238483959192206, 72.41858916645523, -5.260578666980891, 1.7364323609692605, 1.7439744008687161, -32.94221864920817, 0.37179747528091034, 12.340781373715505, 4.420630548940826, -0.7566579547943163, -4.262677274005451, -10.782846178457818, -0.4899299841610567, 1.3162594109885695, 19.394031925430333, -3.495641955471762],2.879641176975505,2.894898239603063,0.00042239157212407223,1.784146402014453e-07,2.8948625715461134,2.8942619657212565
6909,[3.084056246753077, 2.8899027280574465, -5.99821469753595, 0.16141517628172722, -21.85885655514384, 0.14131097016312463, 5.124053816772802, -99.74401267106671, -0.37462485260038314, -156.52563974126176, 10.149193253095165, 4.55787977570628, 0.8209808406453121, -2.769871992317115, -9.220459878067786, 3.985177700657352, 160.38583405376343, 13.826257242364965, -0.3876631934029342, -6.031009832720959],16.298331507427136,16.30710833198289,0.00031640082597221894,1.0010948267590238e-07,16.307536034369335,16.306551193850186
9818,[-3.1491569717163297, -2.716847974639753, 22.715839296958187, 7.066369024012482, 0.009061563505659953, 1.4560112755164019, -0.2519435257682028, 3.570682979057944, -12.87593817553465, -183.2981818437968, 26.985161592380393, -1.8631114317498882, -27.193861179561544, -105.15743085149663, 88.33643302122734, 148.10748983002898, -7.6239685220666455, -11.186388904867258, 113.11186295538046, 8.784264851399147],23.421319637712685,23.45741105521626,0.001107680158238876,1.2269553329561014e-06,23.458284807447967,23.432724163614914
1338,[132.32835351475026, -0.07635974880145502, 0.00894998880413602, 2.1465502681020805, 60.89338288922098, -3.6458940924287657, 26.07134979460446, 35.51160366841708, -4.1163360800271205, -25.768053180323836, -111.20866906790381, -8.00316399609645, -4.068881872404877, 26.261944663581883, 17.504308129087295, 86.8755421585029, 44.32397625660962, -38.60799365751216, 87.8262575729264, 25.329462985703874],15.165020871479056,15.216383360066649,0.001910272061410982,3.6491393486073624e-06,15.22260575109829,15.219921059942216
7189,[12.340874936164164, -17.78136461485458, 27.52645816747812, 16.569435505313084, -0.40065894594338114, -0.4558772611098289, 12.860406861249905, 2.955274713459674, -11.219954992844153, 3.4249285236518405, 141.41125456476155, -2.352586587647354, 10.702495197248664, -137.97925662413246, -12.08300016344147, 42.12565000164797, 9.920875462214312, -14.932655073370473, 52.666990805605394, 62.57897266709917],13.475011412781768,13.517668146369509,0.0010744631175418349,1.154470990957719e-06,13.519751232584568,13.500812067173532
6666,[-1.2297125643407818, -57.880662188073046, 182.70344093532984, 2.843927954888441, 37.41092908700929, -10.18467231940449, 12.37687456733979, -57.44947439364864, -68.19354189527765, -86.21073393783647, 50.21810944478385, 33.92818155461283, -1.058049813275495, -127.4722641667591, -76.30485637711054, 117.41779509056738, -17.15631051132264, 90.78834995402048, 69.01818924539306, 0.6498715760318101],27.653336963732013,27.691734715279193,0.001101105383923756,1.2124330665058823e-06,27.689363742046872,27.687124303620344
3132,[-10.257056304425591, -21.43284492860653, -10.165710754200571, -1.5272218455953335, 7.249739974818586, 3.4711060477672366, -10.434576258699487, 18.19035575981513, 1.7345308703589757, 22.97454912976515, -9.0490895527912, 1.5688329244835724, 27.487513118425213, -100.19793113186883, -0.3176108578677323, -4.479121789567472, -2.650739731387854, 2.3573520478930865, 11.555722332714657, 33.17992781816558],4.463075881884415,4.476173785569431,0.000380803565990503,1.4501135587108335e-07,4.475952906913038,4.473789270103036
4848,[-3.3824857472803367, -1.7419378342898602, 5.7310872231143986, -45.56463244668268, 137.10114226426495, -33.7909924366495, 11.253981316397187, 0.6661082665337947, -2.7375537441889657, 12.664345198559184, -0.1141062015996488, -17.795956734066888, -80.31675906107543, -161.10545642481577, 57.79838261363278, 5.344865681446878, 13.334454397499174, -24.86078513048087, 19.945951127725174, -6.10917707955125],15.919924557486725,15.945537562298684,0.0006404273367631891,4.101471736735912e-07,15.94681674376378,15.947030916052215
1719,[-0.19633116758135596, 23.687652847981727, 8.382536148902721, 24.44431745436666, -0.4217744807973455, 5.012856653021984, -9.582124225529164, 14.420192257268601, -1.2898199811758073, 0.3247364190363794, -50.20204970208338, 44.851782178467865, -5.274097146967839, -0.13443894895658381, -1.0194319227594844, -6.003806180849859, 14.66028997166394, 50.24164989217825, 14.91830574089388, 15.575820824235741],3.339259904282569,3.363293884550203,0.000708953414100478,5.026149433647239e-07,3.364009910909158,3.3647976636573174
9093,[-1.1416751268936784, 1.532865162924359, -8.464212906455941, 2.8061440638226114, 40.55385725783535, 38.447732477654675, -16.05231457518187, -16.010231998892973, -0.659715176810174, -1.7833557846663686, -7.483316217357837, -17.910532215676707, 12.349854575959808, -0.25670304569833646, 269.4931546823903, -7.7159343842162444, -5.776862788458803, -34.87141380482679, -26.97368195616666, 31.019691649678947],20.969583745171757,20.997640484744007,0.0007421157183471858,5.507357394179595e-07,20.998576617829286,20.992077419375565
6355,[0.9195752884510431, 2.895210402572752, 15.90363395621065, 19.32801091298765, 0.3535918166878915, -6.015659806497895, -8.342021444349395, -0.9217996731646743, -8.138500048564767, -1.5925823064339926, 47.565922307985986, -2.596378755288203, -1.5160700497570336, -10.855810797064528, -5.278153525245089, 57.63249198944344, 3.830832057810509, 44.39979066106614, 36.46003889105107, -184.81984447499772],12.00579179566085,12.029368601017504,0.0007763115187546022,6.026595741510771e-07,12.031000935609498,12.03593820338471
9483,[-31.00729895860225, -2.2954989668638235, 0.4178401282063866, 0.7395822269143362, -0.1315987308553368, 7.850713364520977, 2.9737303592958124, 18.490238573587536, 7.44996483743221, -1.6830180630064695, -0.2260001095152192, 8.207000780471247, -1.0013400913660127, -37.09929246681589, 38.83678970768139, -5.589524133423943, 14.212207888772634, -3.7471990931574095, -70.75602476076972, -8.885887853909562],3.431192517382105,3.4583470779864993,0.0008882721016308174,7.890273265356292e-07,3.461098360612023,3.4393323504070152
